0
0
0
1
3
4
4
5
5
8
11
11
11
12
14
14
17
17
17
17
17
17
18
18
20
21
21
22
22
22
22
24
27
27
28
28
31
32
33
34
39
40
42
42
43
44
44
45
46
47
49
50
53
55
55
56
57
58
64
64
64
64
65
66
66
66
67
67
68
68
70
71
71
71
72
73
74
75
78
79
80
80
81
82
83
83
83
86
87
90
93
93
94
95
96
97
97
99
100
101
102
106
110
110
110
113
119
121
125
125
125
128
129
130
130
130
131
131
131
132
134
134
135
135
136
138
139
140
144
145
146
147
147
147
147
150
151
151
151
152
152
152
152
155
155
155
156
156
159
160
161
161
163
165
165
166
167
168
168
169
169
169
169
170
171
172
174
175
175
176
178
179
179
180
182
183
184
184
184
184
184
186
188
188
190
191
191
191
197
198
198
199
202
202
203
203
204
205
206
207
209
210
212
213
214
215
215
215
216
218
218
219
221
223
225
225
226
227
228
229
230
231
232
232
233
233
233
235
235
235
237
237
238
239
239
239
240
240
241
242
243
243
243
244
245
247
247
247
248
249
251
251
252
252
252
253
253
253
254
255
256
258
258
260
261
262
262
263
263
264
264
265
268
269
269
270
272
274
274
275
275
275
278
278
280
280
280
280
282
282
283
283
285
287
290
292
292
293
295
296
297
298
298
298
298
299
300
302
302
302
304
304
305
307
309
310
310
310
310
310
312
313
314
316
319
319
321
321
321
327
330
330
330
330
331
332
332
332
333
333
334
337
337
338
338
339
339
339
340
341
343
350
357
360
361
362
362
365
366
366
371
373
374
376
377
379
380
380
382
382
382
383
384
386
386
389
389
390
390
391
393
393
393
394
394
395
395
398
398
400
400
403
405
406
406
407
407
408
410
410
411
412
412
413
413
415
415
415
416
416
420
421
421
421
421
423
423
425
426
426
427
429
430
432
434
434
436
437
440
440
441
442
443
444
446
447
448
449
449
450
450
452
452
455
456
456
456
457
457
458
458
461
461
462
463
463
465
466
467
467
467
467
468
468
470
471
473
473
477
478
480
485
487
488
489
489
489
490
490
490
490
490
491
491
492
496
496
496
499
501
502
502
503
504
504
506
506
509
510
510
510
510
511
511
512
512
514
515
516
517
517
518
518
519
522
523
524
524
524
524
525
525
525
526
527
528
528
528
530
532
535
536
536
537
537
538
541
541
542
543
543
544
544
545
545
545
547
548
549
550
553
553
554
554
559
559
560
563
563
565
566
566
567
567
567
569
569
570
574
575
575
578
578
579
580
580
580
580
582
582
582
582
582
585
587
588
592
593
593
594
595
596
598
598
598
599
599
604
604
605
607
608
610
611
613
613
613
614
617
619
619
622
624
624
625
625
627
627
629
630
630
630
631
632
636
636
638
638
639
640
644
645
645
649
649
650
651
651
652
652
656
657
657
658
658
659
660
661
662
668
669
671
672
677
680
682
683
685
685
686
686
687
687
688
691
691
694
694
698
699
699
699
699
701
701
702
704
704
705
705
706
706
708
708
710
710
711
714
715
718
721
721
722
723
724
725
726
728
729
730
732
732
733
734
734
734
735
735
737
737
737
737
738
739
742
742
743
743
745
746
746
749
750
751
752
753
755
757
760
761
761
763
764
764
764
767
767
769
770
770
773
773
774
774
775
776
779
780
782
782
782
783
783
784
785
785
787
788
788
788
790
790
791
791
791
792
792
793
794
795
797
800
800
803
804
805
805
807
808
809
810
810
812
812
814
814
816
817
817
817
818
818
820
820
822
823
823
823
823
823
827
828
829
829
831
832
833
833
833
833
833
834
834
834
834
835
836
836
836
836
837
838
838
838
840
840
845
845
846
846
848
849
849
849
852
852
852
855
855
855
857
861
862
862
863
864
865
866
866
867
867
869
871
871
871
874
874
875
876
876
879
881
881
882
883
883
884
885
887
888
888
890
891
892
895
895
895
896
896
896
896
896
899
900
900
901
902
902
903
903
905
906
909
909
910
911
914
915
918
919
919
920
923
924
925
925
925
927
927
927
927
927
928
930
930
932
933
933
934
934
935
936
936
937
938
939
939
939
941
941
944
945
945
947
947
948
952
952
953
954
955
957
959
960
960
960
961
961
962
962
965
965
968
968
968
969
969
969
969
970
970
970
970
971
972
974
975
975
975
976
977
977
979
981
981
983
983
984
984
985
986
989
989
989
989
990
990
990
990
991
992
993
993
994
994
996
997
998
998
999