142 20 0
3 13 26
3 19 15
9 1 11
4 12 30
0 18 22
6 4 19
4 17 28
10 3 29
11 12 14
6 17 22
2 16 18
11 9 18
16 1 29
9 2 29
7 6 15
4 14 12
1 11 15
0 13 19
11 16 11
6 3 28
9 5 16
14 16 15
8 6 25
2 5 24
8 9 28
14 2 29
17 7 22
10 15 13
19 7 11
10 19 24
18 7 30
7 13 21
10 18 14
13 5 13
3 2 20
14 5 27
8 4 26
9 18 22
11 17 27
9 16 26
16 0 14
1 10 16
19 6 26
10 11 11
12 14 26
13 1 23
10 6 30
13 3 26
15 11 22
3 12 17
11 3 11
6 5 22
19 18 29
5 0 17
12 13 27
7 8 14
18 11 17
2 17 21
17 0 16
9 7 22
13 18 12
11 4 27
2 14 24
2 0 18
17 4 11
0 9 24
4 16 19
1 18 28
2 4 17
1 7 30
19 8 13
15 16 15
9 10 30
1 17 27
17 9 25
4 5 24
7 10 21
1 6 20
14 13 11
5 13 14
0 10 30
1 12 29
2 9 18
11 18 12
17 8 16
10 13 22
16 9 20
16 11 19
17 3 18
2 7 16
5 7 17
7 11 29
4 8 20
17 19 16
3 15 17
12 3 21
1 0 24
0 3 21
2 6 29
7 5 16
0 7 24
16 14 11
8 17 21
1 9 26
13 11 27
14 8 21
18 6 20
0 11 11
15 13 15
13 12 25
3 5 28
0 5 20
10 8 16
10 17 28
8 18 13
6 8 16
6 0 28
9 15 16
1 16 28
3 11 16
13 0 26
13 19 28
14 17 30
11 10 27
13 17 17
15 10 17
19 9 18
18 9 24
15 1 15
15 2 28
0 19 20
13 7 20
12 9 27
3 10 14
13 9 25
18 19 28
4 10 15
5 1 16
18 0 27
6 13 14
8 5 16
15 7 24